1
2
2
2
2
2
2
2
2
3
3
2
2
3
3
4
3
4
3
4
4
5
4
4
5
4
5
5
5
6
6
6
6
6
7
7
7
8
8
9
8
8
9
9
10
10
10
10
11
11
11
12
12
13
13
13
14
14
14
14
16
16
17
17
18
18
18
19
20
20
21
21
22
22
23
24
24
24
25
26
27
27
28
28
30
31
31
32
32
34
35
35
36
37
39
40
41
42
42
43
45
46
47
48
49
50
52
52
54
0
55
56
58
59
60
62
63
64
65
66
67
69
71
72
74
76
77
78
80
81
83
84
86
87
90
91
92
94
96
98
99
101
103
104
106
108
109
111
113
114
116
118
119
121
123
124
126
129
131
133
134
136
138
139
142
143
144
147
147
150
151
153
155
155
158
159
161
162
164
165
167
170
170
172
173
175
176
178
179
181
182
183
184
186
187
189
190
191
193
193
194
196
197
198
199
200
201
203
203
205
206
208
208
208
210
210
212
213
213
214
215
216
217
218
218
219
219
220
222
223
223
223
224
225
226
226
227
227
228
228
229
230
230
230
231
232
232
232
233
234
234
234
235
235
235
237
236
237
237
237
239
238
238
238
239
240
240
240
241
240
241
108
241
242
242
242
242
243
243
243
243
243
244
244
244
244
245
245
245
245
246
245
245
246
246
247
247
246
246
247
246
247
247
247
247
247
247
247
247
248
241
235
229
224
218
213
209
204
200
196
192
188
184
181
178
175
171
168
165
163
160
157
155
152
150
147
145
143
141
138
137
135
133
132
129
127
125
123
122
120
120
117
116
115
113
112
111
109
108
107
106
105
103
102
101
101
99
98
97
25
95
95
95
93
92
91
91
90
89
88
87
87
85
85
84
84
83
82
81
81
80
80
78
78
77
77
76
75
75
74
74
74
72
72
71
71
70
70
69
69
68
68
67
66
66
67
65
65
64
64
64
64
63
63
62
61
61
61
61
61
60
59
59
58
59
58
58
58
57
57
56
57
56
55
55
54
54
55
54
53
53
53
53
53
52
52
52
51
50
51
50
50
50
50
49
49
49
48
48
48
48
47
48
47
47
47
47
47
46
46
46
46
45
45
45
45
45
44
44
44
43
43
43
43
43
43
43
42
42
42
42
41
42
41
41
40
41
41
40
40
40
40
39
40
39
39
39
39
39
38
7
38
38
38
37
38
37
37
37
37
37
37
37
36
36
36
36
36
36
36
36
35
36
35
35
35
35
35
34
35
34
34
34
34
34
34
34
33
33
34
33
33
32
32
33
32
32
32
32
32
32
32
31
32
32
31
31
31
31
31
31
30
30
30
30
30
30
31
30
30
30
29
29
30
29
30
29
29
29
29
28
29
29
28
29
28
29
28
29
28
28
28
28
28
27
27
27
27
28
27
28
27
27
27
27
27
26
27
27
26
27
26
26
26
26
26
26
25
25
26
25
25
25
25
26
26
25
26
25
25
25
25
25
25
25
25
25
25
25
24
24
25
24
24
24
24
25
24
24
24
24
23
24
23
23
24
23
23
24
23
23
24
23
23
23
23
23
22
22
22
22
22
22
22
22
22
23
22
23
22
22
22
22
21
21
21
22
21
22
21
22
22
21
22
21
22
22
21
21
22
21
21
21
21
21
20
21
21
20
21
21
20
21
20
21
20
20
20
21
20
20
20
20
20
20
20
19
21
19
19
20
20
19
20
19
19
20
20
20
19
19
19
19
19
19
19
19
19
18
18
19
19
19
19
18
19
19
19
18
18
18
18
18
18
19
18
18
18
18
18
18
18
19
19
18
18
18
18
18
18
17
18
18
18
18
18
17
17
17
17
17
17
18
18
17
17
18
18
18
17
17
17
17
17
17
17
17
17
17
16
16
17
17
17
16
17
16
17
17
17
16
16
16
16
17
17
16
17
16
16
16
17
16
17
17
16
16
17
16
16
16
16
15
16
15
16
16
16
15
16
16
16
16
16
15
15
15
16
15
15
16
15
16
16
15
15
16
15
16
15
16
14
15
15
15
16
16
15
15
15
15
15
15
15
15
14
15
15
15
15
15
15
15
15
15
15
14
15
15
15
15
15
14
14
14
15
14
14
14
14
14
14
14
14
14
14
14
14
15
14
14
14
14
14
14
14
14
14
14
14
14
14
14
14
14
14
14
14
13
14
13
14
13
13
13
14
13
13
13
14
14
13
13
13
13
14
13
14
13
13
13
14
13
13
13
13
13
13
13
13
13
13
14
12
13
12
13
13
13
13
14
13
14
13
13
12
12
12
13
13
13
13
13
13
13
12
13
12
12
13
12
12
12
11
12
12
12
13
13
12
12
11
12
12
12
12
12
12
12
13
12
13
12
13
12
13
12
12
11
13
12
12
13
12
12
12
12
12
12
13
12
12
12
12
12
12
12
12
12
11
12
12
11
12
12
11
12
11
12
11
12
11
11
12
12
12
11
11
12
11
11
11
11
11
12
11
11
12
11
12
11
11
11
12
11
11
12
11
11
11
11
11
11
11
11
11
11
11
11
11
12
12
11
11
11
11
11
11
11
12
10
12
11
11
11
11
11
11
12
11
10
11
11
11
10
11
11
11
10
10
11
10
10
10
10
10
10
11
11
11
10
11
11
10
10
11
10
11
10
10
11
11
10
11
10
10
10
10
11
11
11
10
10
10
10
10
10
10
10
10
10
10
10
10
10
10
10
11
10
10
10
11
10
10
10
10
10
10
10
10
10
10
9
11
10
10
9
10
10
9
10
10
10
10
10
10
10
10
9
9
10
10
9
10
10
10
10
10
9
10
9
9
9
9
10
10
9
10
9
9
10
9
9
9
10
10
9
9
9
9
9
10
9
10
9
10
9
10
9
9
9
10
9
10
9
9
9
10
10
9
10
10
9
9
10
9
9
9
10
10
9
9
9
9
9
8
9
9
9
9
9
9
9
9
9
10
9
9
9
10
9
9
9
9
9
9
9
9
9
9
9
9
9
10
9
9
9
9
9
9
9
9
9
9
8
9
9
8
9
9
8
9
9
9
9
9
8
8
8
9
9
9
8
9
8
9
9
8
8
9
9
9
9
8
9
9
9
8
9
9
9
8
9
9
9
8
8
8
8
8
8
8
9
8
8
9
9
8
9
9
9
9
8
8
8
8
8
8
8
9
8
8
9
9
8
8
8
8
9
8
8
8
8
8
9
8
8
8
8
8
9
8
8
8
8
8
8
8
8
8
8
9
7
8
8
8
8
8
8
8
8
8
8
8
8
8
8
8
8
8
8
8
8
8
8
8
8
7
8
8
7
8
8
8
8
8
8
8
8
8
8
8
8
8
8
8
8
8
8
8
8
8
8
7
8
7
8
8
7
7
8
8
7
8
8
8
8
7
7
8
7
7
8
8
8
7
8
8
8
7
8
7
7
7
7
7
7
8
8
8
8
7
8
7
7
8
7
7
7
8
7
8
8
7
8
7
8
8
7
7
7
7
8
7
7
7
7
8
8
7
6
7
7
8
7
7
8
7
7
7
7
7
7
7
8
7
7
7
7
7
8
7
8
8
7
7
7
8
8
8
7
7
7
7
7
7
7
7
7
8
7
8
7
7
7
7
7
7
8
6
7
7
7
7
7
7
8
7
7
7
7
6
7
7
6
7
7
7
6
7
7
7
7
7
7
8
7
7
7
7
7
7
7
7
7
7
7
7
6
7
7
6
7
7
7
7
7
6
7
6
7
7
7
6
6
6
7
7
7
7
7
7
6
7
7
7
7
6
7
7
7
6
7
6
6
7
7
6
7
7
7
6
6
7
6
6
6
6
7
6
7
7
6
6
7
7
7
7
6
7
7
7
6
6
6
7
7
6
6
7
6
6
7
6
6
6
6
7
6
7
7
7
6
6
7
6
7
7
6
6
6
6
7
6
6
6
6
6
6
6
7
6
6
6
7
6
6
6
6
6
7
6
7
7
6
6
6
7
6
6
6
6
6
6
7
6
6
6
6
7
7
6
6
6
6
7
6
7
6
6
6
6
6
6
6
6
6
7
6
6
6
6
7
6
6
6
7
7
6
6
6
6
6
6
6
6
6
6
6
6
6
6
6
6
7
7
6
6
6
6
6
6
6
7
6
6
6
6
6
6
7
6
6
6
6
6
6
6
6
6
6
6
5